0 5 6 16 22 45 
0 5 8 24 31 44 
0 5 10 12 21 37 
0 5 19 26 33 46 
0 5 32 35 39 48 
0 6 8 21 33 48 
0 6 10 31 35 46 
0 6 12 19 39 44 
0 6 24 26 32 37 
0 8 10 16 26 39 
0 8 12 22 32 46 
0 8 19 35 37 45 
0 10 19 22 24 48 
0 10 32 33 44 45 
0 12 16 24 33 35 
0 12 26 31 45 48 
0 16 19 21 31 32 
0 16 37 44 46 48 
0 21 22 26 35 44 
0 21 24 39 45 46 
0 22 31 33 37 39 
1 2 3 14 25 27 
1 2 7 14 15 36 
1 2 9 14 42 44 
1 2 14 20 23 29 
1 3 7 9 29 42 
1 4 13 30 43 47 
1 4 28 34 40 41 
1 9 15 20 25 42 
1 9 23 27 36 42 
1 11 13 17 28 30 
1 11 18 34 41 43 
1 13 18 30 38 40 
1 13 30 34 41 42 
1 17 34 38 41 47 
2 3 13 20 36 41 
2 3 15 23 34 41 
2 4 9 34 43 47 
2 4 11 14 30 38 
2 4 17 18 30 42 
2 7 13 23 25 41 
2 7 20 27 30 34 
2 9 11 17 28 34 
2 9 18 34 38 40 
2 11 30 40 42 47 
2 13 14 17 40 43 
2 13 15 27 29 41 
2 13 18 28 42 47 
2 13 25 29 30 36 
2 28 30 38 42 43 
3 4 7 15 43 47 
3 4 7 23 28 38 
3 4 11 18 29 36 
3 4 15 17 20 40 
3 7 11 23 40 43 
3 7 17 18 23 47 
3 7 18 36 38 40 
3 9 25 27 30 41 
3 11 15 20 38 47 
3 11 17 25 27 29 
3 13 14 15 23 30 
3 13 25 27 34 42 
3 14 20 30 34 36 
3 15 18 20 28 43 
3 17 29 36 38 43 
3 28 29 36 40 47 
4 7 11 18 20 25 
4 7 17 27 29 40 
4 9 11 13 38 42 
4 9 13 14 17 18 
4 11 15 18 23 27 
4 14 41 42 43 47 
4 15 25 28 29 38 
4 17 20 23 28 43 
4 17 23 25 36 40 
4 18 25 27 40 43 
4 20 27 28 36 38 
5 6 8 12 26 35 
5 6 10 24 33 39 
5 6 19 31 37 48 
5 6 21 32 44 46 
5 8 10 45 46 48 
5 8 16 32 33 37 
5 8 19 21 22 39 
5 10 16 19 35 44 
5 10 22 26 31 32 
5 12 16 31 39 46 
5 12 19 24 32 45 
5 12 22 33 44 48 
5 16 21 24 26 48 
5 21 31 33 35 45 
5 22 24 35 37 46 
5 26 37 39 44 45 
6 8 10 22 37 44 
6 8 16 19 24 46 
6 8 31 32 39 45 
6 10 12 16 32 48 
6 10 19 21 26 45 
6 12 21 22 24 31 
6 12 33 37 45 46 
6 16 21 35 37 39 
6 16 26 31 33 44 
6 19 22 32 33 35 
6 22 26 39 46 48 
6 24 35 44 45 48 
7 9 15 30 36 41 
7 11 15 28 29 36 
7 11 27 29 38 47 
7 13 14 20 27 41 
7 13 15 34 36 42 
7 14 23 25 30 34 
7 17 20 25 38 43 
7 18 27 28 29 43 
7 20 25 28 40 47 
8 10 12 19 31 33 
8 10 21 24 32 35 
8 12 16 21 44 45 
8 12 24 37 39 48 
8 16 22 31 35 48 
8 19 26 32 44 48 
8 21 26 31 37 46 
8 22 24 26 33 45 
8 33 35 39 44 46 
9 11 13 14 40 47 
9 13 14 28 38 43 
9 14 18 28 30 47 
9 17 30 40 42 43 
9 20 23 29 30 41 
10 12 22 35 39 45 
10 12 24 26 44 46 
10 16 21 22 33 46 
10 16 24 31 37 45 
10 19 32 37 39 46 
10 21 31 39 44 48 
10 26 33 35 37 48 
11 14 17 28 41 42 
11 15 25 29 40 43 
11 17 18 28 38 47 
11 20 27 36 40 43 
11 23 25 36 38 47 
12 16 19 22 26 37 
12 19 21 35 46 48 
12 21 26 32 33 39 
12 31 32 35 37 44 
13 20 23 29 34 42 
14 15 27 29 30 34 
14 18 38 40 41 42 
14 25 29 34 36 41 
15 17 18 25 29 47 
15 17 23 27 38 43 
15 20 23 25 27 36 
15 23 27 28 40 47 
16 19 33 39 45 48 
16 22 24 32 39 44 
16 26 32 35 45 46 
17 18 20 27 36 47 
18 23 25 28 36 43 
19 21 24 33 37 44 
19 22 31 44 45 46 
19 24 26 31 35 39 
20 23 29 38 40 47 
21 22 32 37 45 48 
24 31 32 33 46 48 