2 3 4 21 24 26
2 3 7 13 20 24
2 3 9 23 24 25
2 3 11 21 22 24
2 3 12 22 24 26
2 4 9 11 12 24
2 4 20 22 25 27
2 5 6 8 13 23
2 5 6 8 24 27
2 5 10 16 17 28
2 6 15 17 19 28
2 7 9 20 23 28
2 7 11 25 26 27
2 7 17 20 24 27
2 8 14 17 18 28
2 9 12 21 25 27
2 10 13 14 19 23
2 10 13 15 18 23
2 13 14 15 16 23
2 13 16 18 19 23
3 4 5 15 18 19
3 4 7 9 11 20
3 4 13 20 22 28
3 5 10 16 23 27
3 5 14 17 19 25
3 6 7 8 10 19
3 6 10 17 18 25
3 6 12 14 15 16
3 6 15 19 23 27
3 7 11 13 26 28
3 7 12 20 23 25
3 8 14 18 23 27
3 8 15 16 17 25
3 9 12 13 21 28
3 13 17 21 27 28
4 5 6 14 16 17
4 5 7 10 12 16
4 5 9 14 19 26
4 6 7 12 15 19
4 6 9 10 18 26
4 7 8 12 14 18
4 7 12 21 22 26
4 8 9 15 16 26
4 8 10 14 19 25
4 11 12 17 27 28
4 11 13 17 21 25
4 11 13 21 23 27
4 11 21 23 25 28
4 17 20 22 23 24
5 6 8 9 20 22
5 6 8 11 21 26
5 6 8 13 27 28
5 6 8 23 24 28
5 7 10 15 17 18
5 7 14 19 21 22
5 8 12 15 18 25
5 9 11 15 18 22
5 10 13 16 24 25
5 11 12 14 19 20
5 15 18 20 21 26
6 7 10 18 21 22
6 7 14 16 18 25
6 9 11 14 16 22
6 10 11 12 18 20
6 13 15 19 24 25
6 14 16 20 21 26
7 8 15 16 21 22
7 9 13 17 22 27
7 9 20 24 25 28
7 11 17 23 24 26
8 9 10 11 19 22
8 10 12 16 17 19
8 10 19 20 21 26
8 11 12 15 16 20
8 13 14 18 24 25
9 10 14 15 20 21
9 11 16 18 19 21
9 12 17 21 23 24
9 13 17 20 26 27
10 11 14 15 22 26
10 14 15 24 27 28
12 13 17 22 26 27
12 22 23 25 26 28
16 18 19 20 22 26
16 18 19 24 27 28
29 30 31 32 33 34
29 30 35 36 37 38
29 30 39 40 41 42
29 30 43 44 45 46
29 30 47 48 49 50
29 31 35 39 43 47
29 31 36 40 44 48
29 31 37 41 45 49
29 31 38 42 46 50
29 32 35 40 45 50
29 32 36 39 46 49
29 32 37 42 43 48
29 32 38 41 44 47
29 33 35 41 46 48
29 33 36 42 45 47
29 33 37 39 44 50
29 33 38 40 43 49
29 34 35 42 44 49
29 34 36 41 43 50
29 34 37 40 46 47
29 34 38 39 45 48
30 31 35 40 46 49
30 31 36 39 45 50
30 31 37 42 44 47
30 31 38 41 43 48
30 32 35 39 44 48
30 32 36 40 43 47
30 32 37 41 46 50
30 32 38 42 45 49
30 33 35 42 43 50
30 33 36 41 44 49
30 33 37 40 45 48
30 33 38 39 46 47
30 34 35 41 45 47
30 34 36 42 46 48
30 34 37 39 43 49
30 34 38 40 44 50
31 32 35 36 41 42
31 32 37 38 39 40
31 32 43 44 49 50
31 32 45 46 47 48
31 33 35 38 44 45
31 33 36 37 43 46
31 33 39 42 48 49
31 33 40 41 47 50
31 34 35 37 48 50
31 34 36 38 47 49
31 34 39 41 44 46
31 34 40 42 43 45
32 33 35 37 47 49
32 33 36 38 48 50
32 33 39 41 43 45
32 33 40 42 44 46
32 34 35 38 43 46
32 34 36 37 44 45
32 34 39 42 47 50
32 34 40 41 48 49
33 34 35 36 39 40
33 34 37 38 41 42
33 34 43 44 47 48
33 34 45 46 49 50
35 36 43 45 48 49
35 36 44 46 47 50
35 37 39 42 45 46
35 37 40 41 43 44
35 38 39 41 49 50
35 38 40 42 47 48
36 37 39 41 47 48
36 37 40 42 49 50
36 38 39 42 43 44
36 38 40 41 45 46
37 38 43 45 47 50
37 38 44 46 48 49
39 40 43 46 48 50
39 40 44 45 47 49
41 42 43 46 47 49
41 42 44 45 48 50
