0 1 3 4 18 24 
0 1 5 8 10 18 
0 1 9 20 21 22 
0 1 11 12 15 18 
0 1 13 17 18 25 
0 2 3 10 20 23 
0 2 6 18 19 26 
0 2 7 9 16 21 
0 4 7 8 20 23 
0 5 20 21 23 24 
0 6 7 19 22 23 
0 6 11 13 19 25 
0 6 12 15 17 19 
0 6 14 16 19 21 
0 9 11 14 16 17 
0 9 12 16 22 25 
0 9 13 15 16 26 
0 14 20 22 23 26 
1 2 3 10 16 19 
1 2 6 7 21 23 
1 2 9 14 19 20 
1 4 7 8 16 19 
1 5 16 19 21 24 
1 6 7 9 20 26 
1 6 11 14 17 23 
1 6 12 22 23 25 
1 6 13 15 23 26 
1 7 14 16 18 23 
1 9 11 13 20 25 
1 9 12 15 17 20 
1 14 16 19 22 26 
2 3 4 10 13 17 
2 3 6 9 10 18 
2 3 7 8 21 24 
2 4 5 11 12 26 
2 4 5 13 17 22 
2 4 5 14 15 25 
2 5 10 21 22 24 
2 7 11 14 21 25 
2 7 12 15 21 26 
2 7 18 19 20 21 
2 8 11 15 22 24 
2 8 12 13 14 24 
2 8 17 24 25 26 
2 16 18 20 22 23 
3 4 5 6 16 20 
3 4 9 19 23 24 
3 4 11 14 24 26 
3 4 12 15 24 25 
3 5 7 11 15 22 
3 5 7 12 13 14 
3 5 7 17 25 26 
3 5 8 9 19 23 
3 6 8 16 20 24 
3 8 11 12 21 26 
3 8 13 17 21 22 
3 8 14 15 21 25 
3 12 14 22 25 26 
4 5 9 10 19 23 
4 5 13 17 21 24 
4 6 7 8 9 18 
4 6 10 16 20 24 
4 7 8 13 17 22 
4 10 11 15 21 22 
4 10 12 13 14 21 
4 10 17 21 25 26 
5 6 8 10 16 20 
5 6 9 18 21 24 
5 8 10 11 12 25 
5 8 10 14 15 26 
6 9 14 18 22 26 
6 11 15 16 20 25 
6 12 13 16 17 20 
7 10 11 12 24 26 
7 10 13 17 22 24 
7 10 14 15 24 25 
8 9 10 19 23 24 
9 11 12 13 19 23 
9 15 17 19 23 25 
9 16 18 21 23 26 
11 13 15 17 22 26 
11 13 16 18 23 25 
11 14 17 18 19 20 
12 15 16 17 18 23 
12 18 19 20 22 25 
13 15 18 19 20 26 