# L(49,6,6,3) with b=162 blocks
# Estimated uncovered: 289968 (sampled)
# Round: 1

{ 6, 10, 11, 14, 16, 44 }
{ 26, 35, 36, 41, 44, 45 }
{ 3, 34, 39, 40, 43, 44 }
{ 1, 3, 13, 16, 25, 47 }
{ 8, 14, 17, 33, 37, 48 }
{ 8, 15, 21, 27, 28, 35 }
{ 5, 23, 30, 38, 42, 43 }
{ 15, 20, 37, 43, 45, 47 }
{ 7, 8, 17, 34, 39, 40 }
{ 19, 20, 21, 26, 38, 45 }
{ 3, 8, 14, 18, 27, 41 }
{ 9, 19, 21, 23, 39, 47 }
{ 3, 8, 12, 34, 37, 38 }
{ 16, 18, 21, 23, 35, 40 }
{ 4, 11, 19, 28, 43, 48 }
{ 0, 4, 16, 20, 26, 37 }
{ 2, 15, 23, 26, 40, 46 }
{ 11, 29, 35, 38, 39, 41 }
{ 2, 18, 25, 29, 31, 36 }
{ 2, 6, 7, 22, 34, 37 }
{ 5, 12, 16, 17, 22, 32 }
{ 1, 18, 20, 24, 31, 39 }
{ 15, 26, 29, 32, 33, 39 }
{ 17, 21, 29, 32, 36, 45 }
{ 12, 28, 29, 30, 41, 44 }
{ 12, 18, 19, 35, 43, 47 }
{ 5, 15, 19, 24, 36, 37 }
{ 11, 27, 33, 40, 44, 45 }
{ 4, 15, 19, 31, 38, 45 }
{ 4, 7, 19, 25, 31, 33 }
{ 10, 11, 14, 34, 36, 43 }
{ 3, 11, 12, 31, 40, 47 }
{ 7, 13, 24, 26, 27, 47 }
{ 9, 14, 22, 29, 32, 35 }
{ 13, 16, 22, 23, 38, 42 }
{ 1, 5, 10, 34, 38, 40 }
{ 3, 4, 9, 13, 36, 40 }
{ 24, 25, 36, 38, 46, 47 }
{ 0, 7, 11, 12, 35, 48 }
{ 1, 3, 23, 30, 33, 45 }
{ 1, 15, 16, 34, 41, 42 }
{ 7, 9, 19, 29, 40, 41 }
{ 7, 9, 16, 27, 28, 35 }
{ 15, 20, 23, 25, 34, 48 }
{ 4, 10, 12, 31, 32, 35 }
{ 9, 14, 22, 27, 39, 46 }
{ 0, 14, 18, 25, 38, 44 }
{ 2, 5, 6, 31, 35, 42 }
{ 12, 26, 28, 31, 40, 42 }
{ 0, 4, 17, 21, 42, 46 }
{ 12, 23, 31, 36, 43, 46 }
{ 5, 10, 12, 21, 30, 36 }
{ 20, 25, 28, 30, 42, 43 }
{ 0, 13, 15, 21, 22, 43 }
{ 14, 16, 24, 26, 41, 46 }
{ 0, 7, 18, 24, 38, 41 }
{ 2, 5, 10, 15, 17, 34 }
{ 4, 7, 8, 14, 31, 47 }
{ 6, 7, 21, 24, 26, 33 }
{ 7, 25, 34, 39, 41, 44 }
{ 2, 10, 21, 24, 28, 44 }
{ 0, 28, 29, 34, 46, 48 }
{ 13, 15, 18, 25, 27, 31 }
{ 1, 17, 19, 22, 24, 25 }
{ 3, 7, 14, 18, 45, 47 }
{ 5, 24, 28, 29, 30, 45 }
{ 0, 5, 8, 9, 26, 32 }
{ 4, 5, 18, 34, 41, 46 }
{ 0, 5, 30, 39, 40, 47 }
{ 0, 10, 27, 31, 35, 40 }
{ 0, 5, 8, 14, 17, 26 }
{ 14, 17, 26, 38, 43, 47 }
{ 10, 13, 18, 19, 37, 42 }
{ 11, 12, 25, 29, 42, 45 }
{ 11, 18, 20, 34, 42, 47 }
{ 2, 4, 18, 22, 24, 30 }
{ 4, 6, 10, 13, 41, 45 }
{ 11, 19, 22, 27, 30, 32 }
{ 2, 9, 14, 17, 41, 43 }
{ 2, 7, 9, 36, 37, 41 }
{ 1, 8, 17, 33, 35, 37 }
{ 5, 16, 18, 36, 39, 42 }
{ 2, 6, 12, 13, 28, 41 }
{ 4, 20, 21, 25, 41, 42 }
{ 0, 5, 11, 27, 32, 33 }
{ 1, 23, 26, 31, 37, 45 }
{ 14, 18, 23, 31, 32, 41 }
{ 0, 5, 14, 19, 21, 40 }
{ 28, 32, 37, 39, 44, 48 }
{ 3, 8, 15, 22, 29, 48 }
{ 7, 10, 15, 20, 43, 46 }
{ 2, 8, 10, 20, 32, 44 }
{ 5, 16, 18, 27, 37, 46 }
{ 10, 17, 22, 28, 42, 46 }
{ 6, 25, 27, 30, 37, 44 }
{ 0, 8, 19, 45, 47, 48 }
{ 0, 2, 31, 39, 45, 46 }
{ 11, 14, 25, 26, 35, 47 }
{ 4, 22, 33, 37, 39, 42 }
{ 6, 8, 11, 34, 37, 46 }
{ 8, 12, 23, 24, 30, 48 }
{ 8, 13, 14, 38, 45, 46 }
{ 4, 7, 9, 22, 31, 38 }
{ 2, 16, 32, 33, 42, 45 }
{ 1, 2, 14, 27, 44, 47 }
{ 0, 3, 23, 32, 35, 44 }
{ 2, 12, 20, 24, 33, 41 }
{ 13, 16, 24, 33, 35, 46 }
{ 4, 6, 9, 15, 29, 36 }
{ 8, 12, 25, 33, 39, 43 }
{ 13, 25, 27, 32, 36, 47 }
{ 1, 16, 19, 29, 30, 47 }
{ 1, 14, 15, 29, 34, 42 }
{ 13, 17, 20, 26, 29, 35 }
{ 5, 8, 15, 21, 31, 44 }
{ 2, 3, 16, 19, 26, 46 }
{ 6, 19, 33, 34, 36, 44 }
{ 1, 3, 21, 25, 27, 29 }
{ 1, 3, 22, 33, 36, 48 }
{ 6, 15, 18, 32, 38, 40 }
{ 7, 17, 19, 20, 28, 41 }
{ 14, 28, 30, 36, 37, 40 }
{ 9, 23, 27, 34, 43, 46 }
{ 14, 16, 20, 25, 37, 46 }
{ 12, 13, 18, 21, 26, 44 }
{ 5, 6, 14, 23, 32, 37 }
{ 10, 22, 23, 29, 33, 41 }
{ 2, 8, 9, 10, 11, 38 }
{ 8, 25, 26, 28, 31, 34 }
{ 0, 1, 6, 27, 39, 40 }
{ 21, 33, 34, 38, 45, 47 }
{ 11, 13, 21, 24, 30, 39 }
{ 1, 12, 27, 36, 38, 39 }
{ 8, 25, 29, 30, 31, 44 }
{ 12, 24, 32, 40, 42, 46 }
{ 6, 11, 22, 24, 36, 41 }
{ 2, 3, 4, 24, 35, 39 }
{ 3, 9, 20, 33, 38, 42 }
{ 10, 16, 20, 31, 39, 48 }
{ 4, 12, 17, 36, 40, 44 }
{ 1, 18, 28, 32, 43, 44 }
{ 0, 8, 26, 27, 33, 43 }
{ 1, 6, 19, 28, 29, 43 }
{ 3, 11, 15, 16, 17, 23 }
{ 3, 20, 29, 33, 37, 47 }
{ 0, 6, 25, 38, 43, 48 }
{ 4, 9, 17, 23, 24, 28 }
{ 1, 13, 18, 19, 28, 33 }
{ 13, 16, 24, 30, 41, 43 }
{ 7, 27, 30, 32, 38, 46 }
{ 1, 11, 17, 26, 30, 43 }
{ 0, 9, 20, 22, 30, 34 }
{ 2, 3, 21, 30, 31, 37 }
{ 3, 5, 25, 26, 45, 48 }
{ 5, 6, 12, 21, 41, 47 }
{ 1, 6, 8, 20, 31, 47 }
{ 5, 7, 13, 20, 22, 35 }
{ 6, 9, 17, 34, 40, 48 }
{ 1, 7, 44, 45, 47, 48 }
{ 27, 38, 40, 43, 44, 48 }
{ 1, 15, 34, 35, 42, 44 }
{ 13, 24, 30, 35, 45, 48 }
