# L(49,6,6,3) with b=161 blocks
# Estimated uncovered: 0 (sampled)
# Round: 1

{ 1, 2, 3, 20, 23, 25 }
{ 1, 2, 6, 12, 19, 23 }
{ 1, 2, 8, 22, 23, 24 }
{ 1, 2, 10, 20, 21, 23 }
{ 1, 2, 11, 21, 23, 25 }
{ 1, 3, 8, 10, 11, 23 }
{ 1, 3, 19, 21, 24, 26 }
{ 1, 4, 5, 7, 12, 22 }
{ 1, 4, 5, 7, 23, 26 }
{ 1, 4, 9, 15, 16, 27 }
{ 1, 5, 14, 16, 18, 27 }
{ 1, 6, 8, 19, 22, 27 }
{ 1, 6, 10, 24, 25, 26 }
{ 1, 6, 16, 19, 23, 26 }
{ 1, 7, 13, 16, 17, 27 }
{ 1, 8, 11, 20, 24, 26 }
{ 1, 9, 12, 13, 18, 22 }
{ 1, 9, 12, 14, 17, 22 }
{ 1, 12, 13, 14, 15, 22 }
{ 1, 12, 15, 17, 18, 22 }
{ 2, 3, 4, 14, 17, 18 }
{ 2, 3, 12, 19, 21, 27 }
{ 2, 4, 9, 15, 22, 26 }
{ 2, 4, 13, 16, 18, 24 }
{ 2, 5, 6, 7, 9, 18 }
{ 2, 5, 9, 16, 17, 24 }
{ 2, 5, 11, 13, 14, 15 }
{ 2, 5, 14, 18, 22, 26 }
{ 2, 6, 10, 12, 25, 27 }
{ 2, 6, 11, 19, 22, 24 }
{ 2, 7, 13, 17, 22, 26 }
{ 2, 7, 14, 15, 16, 24 }
{ 2, 8, 11, 12, 20, 27 }
{ 2, 12, 16, 20, 26, 27 }
{ 3, 4, 5, 13, 15, 16 }
{ 3, 4, 6, 9, 11, 15 }
{ 3, 4, 8, 13, 18, 25 }
{ 3, 5, 6, 11, 14, 18 }
{ 3, 5, 8, 9, 17, 25 }
{ 3, 6, 7, 11, 13, 17 }
{ 3, 6, 11, 20, 21, 25 }
{ 3, 7, 8, 14, 15, 25 }
{ 3, 7, 9, 13, 18, 24 }
{ 3, 10, 11, 16, 26, 27 }
{ 3, 10, 12, 16, 20, 24 }
{ 3, 10, 12, 20, 22, 26 }
{ 3, 10, 20, 22, 24, 27 }
{ 3, 16, 19, 21, 22, 23 }
{ 4, 5, 7, 8, 19, 21 }
{ 4, 5, 7, 10, 20, 25 }
{ 4, 5, 7, 12, 26, 27 }
{ 4, 5, 7, 22, 23, 27 }
{ 4, 6, 9, 14, 16, 17 }
{ 4, 6, 13, 18, 20, 21 }
{ 4, 7, 11, 14, 17, 24 }
{ 4, 8, 10, 14, 17, 21 }
{ 4, 9, 12, 15, 23, 24 }
{ 4, 10, 11, 13, 18, 19 }
{ 4, 14, 17, 19, 20, 25 }
{ 5, 6, 9, 17, 20, 21 }
{ 5, 6, 13, 15, 17, 24 }
{ 5, 8, 10, 13, 15, 21 }
{ 5, 9, 10, 11, 17, 19 }
{ 5, 12, 14, 18, 23, 24 }
{ 5, 13, 15, 19, 20, 25 }
{ 6, 7, 14, 15, 20, 21 }
{ 6, 8, 12, 16, 21, 26 }
{ 6, 8, 19, 23, 24, 27 }
{ 6, 10, 16, 22, 23, 25 }
{ 7, 8, 9, 10, 18, 21 }
{ 7, 9, 11, 15, 16, 18 }
{ 7, 9, 18, 19, 20, 25 }
{ 7, 10, 11, 14, 15, 19 }
{ 7, 12, 13, 17, 23, 24 }
{ 8, 9, 13, 14, 19, 20 }
{ 8, 10, 15, 17, 18, 20 }
{ 8, 11, 16, 20, 22, 23 }
{ 8, 12, 16, 19, 25, 26 }
{ 9, 10, 13, 14, 21, 25 }
{ 9, 13, 14, 23, 26, 27 }
{ 11, 12, 16, 21, 25, 26 }
{ 11, 21, 22, 24, 25, 27 }
{ 15, 17, 18, 19, 21, 25 }
{ 15, 17, 18, 23, 26, 27 }
{ 28, 29, 30, 31, 32, 33 }
{ 28, 29, 34, 35, 36, 37 }
{ 6, 16, 25, 27, 31, 38 }
{ 28, 29, 42, 43, 44, 45 }
{ 28, 29, 46, 47, 48, 49 }
{ 28, 30, 34, 38, 42, 46 }
{ 28, 30, 35, 39, 43, 47 }
{ 28, 30, 36, 40, 44, 48 }
{ 28, 30, 37, 41, 45, 49 }
{ 28, 31, 34, 39, 44, 49 }
{ 28, 31, 35, 38, 45, 48 }
{ 28, 31, 36, 41, 42, 47 }
{ 28, 31, 37, 40, 43, 46 }
{ 28, 32, 34, 40, 45, 47 }
{ 28, 32, 35, 41, 44, 46 }
{ 28, 32, 36, 38, 43, 49 }
{ 28, 32, 37, 39, 42, 48 }
{ 28, 33, 34, 41, 43, 48 }
{ 28, 33, 35, 40, 42, 49 }
{ 28, 33, 36, 39, 45, 46 }
{ 28, 33, 37, 38, 44, 47 }
{ 29, 30, 34, 39, 45, 48 }
{ 29, 30, 35, 38, 44, 49 }
{ 29, 30, 36, 41, 43, 46 }
{ 29, 30, 37, 40, 42, 47 }
{ 29, 31, 34, 38, 43, 47 }
{ 29, 31, 35, 39, 42, 46 }
{ 29, 31, 36, 40, 45, 49 }
{ 29, 31, 37, 41, 44, 48 }
{ 29, 32, 34, 41, 42, 49 }
{ 29, 32, 35, 40, 43, 48 }
{ 29, 32, 36, 39, 44, 47 }
{ 29, 32, 37, 38, 45, 46 }
{ 29, 33, 34, 40, 44, 46 }
{ 29, 33, 35, 41, 45, 47 }
{ 29, 33, 36, 38, 42, 48 }
{ 29, 33, 37, 39, 43, 49 }
{ 30, 31, 34, 35, 40, 41 }
{ 30, 31, 36, 37, 38, 39 }
{ 30, 31, 42, 43, 48, 49 }
{ 30, 31, 44, 45, 46, 47 }
{ 30, 32, 34, 37, 43, 44 }
{ 30, 32, 35, 36, 42, 45 }
{ 30, 32, 38, 41, 47, 48 }
{ 30, 32, 39, 40, 46, 49 }
{ 30, 33, 34, 36, 47, 49 }
{ 30, 33, 35, 37, 46, 48 }
{ 30, 33, 38, 40, 43, 45 }
{ 30, 33, 39, 41, 42, 44 }
{ 31, 32, 34, 36, 46, 48 }
{ 31, 32, 35, 37, 47, 49 }
{ 31, 32, 38, 40, 42, 44 }
{ 31, 32, 39, 41, 43, 45 }
{ 31, 33, 34, 37, 42, 45 }
{ 31, 33, 35, 36, 43, 44 }
{ 31, 33, 38, 41, 46, 49 }
{ 31, 33, 39, 40, 47, 48 }
{ 32, 33, 34, 35, 38, 39 }
{ 32, 33, 36, 37, 40, 41 }
{ 32, 33, 42, 43, 46, 47 }
{ 32, 33, 44, 45, 48, 49 }
{ 34, 35, 42, 44, 47, 48 }
{ 34, 35, 43, 45, 46, 49 }
{ 34, 36, 38, 41, 44, 45 }
{ 34, 36, 39, 40, 42, 43 }
{ 34, 37, 38, 40, 48, 49 }
{ 34, 37, 39, 41, 46, 47 }
{ 35, 36, 38, 40, 46, 47 }
{ 35, 36, 39, 41, 48, 49 }
{ 35, 37, 38, 41, 42, 43 }
{ 35, 37, 39, 40, 44, 45 }
{ 36, 37, 42, 44, 46, 49 }
{ 36, 37, 43, 45, 47, 48 }
{ 38, 39, 42, 45, 47, 49 }
{ 38, 39, 43, 44, 46, 48 }
{ 40, 41, 42, 45, 46, 48 }
{ 40, 41, 43, 44, 47, 49 }
