# L(49,6,6,3) with b=163 blocks
# Estimated uncovered: 90126 (sampled)
# Round: 1

{ 5, 15, 16, 35, 36, 39 }
{ 3, 16, 19, 21, 28, 40 }
{ 2, 10, 25, 41, 43, 46 }
{ 2, 25, 34, 40, 42, 45 }
{ 8, 9, 21, 28, 33, 35 }
{ 2, 17, 30, 37, 42, 47 }
{ 0, 23, 24, 35, 37, 43 }
{ 1, 7, 11, 17, 39, 44 }
{ 2, 18, 21, 31, 37, 38 }
{ 0, 2, 3, 4, 14, 15 }
{ 5, 19, 23, 25, 34, 39 }
{ 3, 11, 12, 34, 37, 38 }
{ 1, 16, 18, 24, 37, 40 }
{ 3, 4, 11, 19, 24, 32 }
{ 2, 16, 20, 32, 34, 35 }
{ 6, 7, 13, 17, 19, 32 }
{ 5, 12, 18, 20, 28, 41 }
{ 1, 15, 16, 25, 26, 41 }
{ 5, 7, 8, 37, 46, 47 }
{ 0, 12, 22, 27, 29, 32 }
{ 10, 16, 22, 38, 43, 48 }
{ 6, 19, 26, 38, 39, 40 }
{ 21, 29, 32, 33, 37, 45 }
{ 6, 10, 11, 37, 41, 45 }
{ 4, 5, 20, 26, 43, 45 }
{ 12, 24, 35, 38, 42, 47 }
{ 5, 10, 16, 24, 33, 44 }
{ 32, 38, 40, 43, 45, 46 }
{ 4, 6, 27, 31, 33, 40 }
{ 6, 13, 16, 31, 42, 43 }
{ 8, 11, 16, 18, 31, 41 }
{ 8, 24, 26, 27, 29, 39 }
{ 9, 23, 29, 33, 38, 41 }
{ 1, 13, 20, 21, 30, 38 }
{ 15, 22, 32, 34, 39, 47 }
{ 0, 3, 18, 36, 37, 45 }
{ 6, 9, 25, 28, 38, 46 }
{ 11, 12, 23, 33, 35, 48 }
{ 19, 20, 25, 33, 37, 48 }
{ 7, 28, 32, 37, 41, 48 }
{ 7, 11, 15, 20, 23, 40 }
{ 7, 16, 27, 38, 42, 48 }
{ 9, 15, 18, 34, 42, 48 }
{ 2, 12, 17, 31, 36, 48 }
{ 4, 9, 10, 30, 32, 38 }
{ 0, 7, 19, 38, 44, 47 }
{ 19, 31, 35, 41, 45, 46 }
{ 1, 8, 19, 23, 28, 43 }
{ 0, 4, 10, 25, 31, 47 }
{ 4, 12, 15, 39, 43, 46 }
{ 10, 17, 29, 36, 37, 39 }
{ 1, 13, 26, 34, 36, 37 }
{ 2, 12, 16, 19, 33, 45 }
{ 9, 16, 20, 24, 26, 46 }
{ 0, 8, 20, 24, 25, 41 }
{ 5, 9, 17, 20, 22, 34 }
{ 7, 24, 31, 34, 39, 45 }
{ 8, 14, 16, 21, 34, 45 }
{ 5, 7, 12, 25, 27, 38 }
{ 9, 13, 15, 27, 35, 37 }
{ 0, 6, 28, 29, 34, 48 }
{ 13, 15, 25, 30, 31, 33 }
{ 6, 21, 22, 24, 25, 48 }
{ 12, 13, 14, 23, 45, 47 }
{ 3, 23, 30, 33, 34, 46 }
{ 11, 13, 25, 28, 35, 44 }
{ 10, 15, 17, 27, 33, 41 }
{ 0, 10, 20, 30, 39, 40 }
{ 10, 18, 29, 34, 35, 46 }
{ 8, 12, 29, 37, 40, 42 }
{ 6, 24, 30, 34, 43, 47 }
{ 18, 23, 24, 25, 32, 42 }
{ 11, 12, 15, 19, 21, 24 }
{ 4, 13, 16, 18, 29, 47 }
{ 8, 18, 19, 22, 30, 35 }
{ 4, 7, 14, 26, 34, 41 }
{ 11, 22, 26, 30, 44, 45 }
{ 2, 9, 13, 24, 41, 47 }
{ 4, 11, 25, 27, 30, 36 }
{ 11, 19, 27, 34, 36, 43 }
{ 18, 28, 30, 39, 42, 45 }
{ 8, 10, 12, 13, 20, 44 }
{ 7, 21, 22, 36, 42, 46 }
{ 0, 22, 28, 33, 36, 47 }
{ 1, 14, 27, 31, 34, 44 }
{ 10, 12, 26, 28, 31, 32 }
{ 5, 10, 14, 19, 21, 42 }
{ 5, 31, 32, 37, 42, 44 }
{ 15, 19, 29, 45, 46, 48 }
{ 3, 7, 13, 20, 29, 43 }
{ 0, 2, 13, 32, 39, 48 }
{ 6, 8, 16, 23, 27, 36 }
{ 2, 24, 27, 28, 44, 46 }
{ 3, 8, 17, 25, 32, 44 }
{ 8, 9, 22, 45, 47, 48 }
{ 0, 1, 23, 27, 38, 45 }
{ 2, 11, 14, 26, 35, 38 }
{ 4, 16, 22, 28, 37, 39 }
{ 0, 3, 8, 26, 31, 46 }
{ 7, 10, 23, 26, 30, 48 }
{ 4, 8, 13, 28, 34, 38 }
{ 6, 11, 14, 20, 22, 46 }
{ 1, 14, 32, 33, 36, 46 }
{ 14, 17, 18, 24, 33, 38 }
{ 0, 15, 17, 21, 23, 26 }
{ 4, 6, 17, 20, 24, 42 }
{ 0, 21, 34, 40, 41, 44 }
{ 0, 9, 11, 14, 16, 32 }
{ 11, 21, 25, 39, 46, 47 }
{ 10, 13, 22, 23, 31, 40 }
{ 1, 19, 29, 36, 41, 47 }
{ 1, 3, 10, 27, 42, 47 }
{ 7, 17, 25, 29, 35, 45 }
{ 14, 15, 29, 42, 43, 44 }
{ 0, 12, 16, 17, 30, 46 }
{ 1, 4, 23, 37, 44, 46 }
{ 3, 6, 7, 10, 21, 35 }
{ 3, 5, 13, 24, 36, 48 }
{ 1, 10, 15, 24, 28, 45 }
{ 4, 9, 17, 19, 44, 45 }
{ 7, 14, 18, 28, 36, 40 }
{ 13, 19, 22, 26, 33, 41 }
{ 2, 14, 22, 25, 37, 43 }
{ 9, 12, 18, 21, 26, 44 }
{ 5, 6, 15, 18, 32, 47 }
{ 3, 4, 22, 23, 41, 42 }
{ 2, 8, 9, 10, 19, 36 }
{ 3, 14, 16, 25, 29, 30 }
{ 0, 1, 6, 26, 35, 42 }
{ 2, 4, 7, 21, 29, 33 }
{ 13, 18, 21, 27, 39, 43 }
{ 1, 6, 9, 12, 25, 40 }
{ 9, 19, 24, 29, 30, 31 }
{ 27, 30, 32, 35, 40, 41 }
{ 15, 20, 29, 31, 36, 38 }
{ 6, 12, 14, 36, 39, 41 }
{ 9, 20, 25, 26, 36, 42 }
{ 20, 21, 27, 31, 47, 48 }
{ 4, 35, 36, 40, 44, 47 }
{ 1, 4, 8, 18, 32, 48 }
{ 21, 23, 30, 32, 36, 43 }
{ 1, 2, 7, 12, 22, 30 }
{ 11, 16, 17, 23, 28, 47 }
{ 1, 3, 20, 33, 35, 39 }
{ 0, 7, 9, 18, 33, 43 }
{ 3, 9, 14, 23, 31, 39 }
{ 2, 5, 26, 28, 29, 40 }
{ 13, 14, 17, 40, 46, 48 }
{ 14, 19, 20, 27, 28, 37 }
{ 17, 22, 28, 31, 35, 43 }
{ 0, 5, 11, 13, 42, 46 }
{ 6, 8, 15, 30, 37, 44 }
{ 2, 3, 5, 6, 27, 45 }
{ 1, 5, 17, 21, 41, 43 }
{ 2, 6, 18, 20, 23, 44 }
{ 2, 8, 11, 33, 39, 42 }
{ 9, 11, 27, 40, 43, 48 }
{ 1, 5, 9, 11, 29, 31 }
{ 3, 38, 39, 41, 44, 48 }
{ 3, 17, 18, 22, 26, 27 }
{ 4, 5, 14, 30, 35, 48 }
{ 5, 8, 15, 22, 38, 40 }
{ 3, 26, 33, 40, 43, 47 }
