# L(49,6,6,3) with b=163 blocks
# Estimated uncovered: 86791 (sampled)
# Round: 1

{ 2, 5, 6, 11, 33, 39 }
{ 3, 6, 9, 10, 19, 40 }
{ 5, 6, 8, 14, 18, 40 }
{ 0, 2, 7, 18, 23, 26 }
{ 13, 14, 22, 23, 26, 29 }
{ 0, 3, 6, 9, 22, 30 }
{ 8, 10, 13, 14, 28, 44 }
{ 9, 14, 31, 38, 39, 45 }
{ 3, 16, 33, 35, 44, 46 }
{ 0, 16, 20, 39, 42, 44 }
{ 3, 7, 13, 21, 24, 43 }
{ 11, 14, 15, 16, 25, 27 }
{ 9, 12, 16, 18, 26, 47 }
{ 1, 26, 28, 39, 40, 46 }
{ 1, 3, 14, 19, 28, 47 }
{ 7, 15, 16, 19, 24, 39 }
{ 0, 4, 6, 14, 27, 43 }
{ 4, 8, 11, 17, 28, 42 }
{ 9, 13, 22, 37, 38, 43 }
{ 18, 21, 28, 29, 31, 35 }
{ 11, 20, 22, 23, 30, 45 }
{ 3, 11, 25, 29, 37, 39 }
{ 15, 20, 31, 33, 38, 47 }
{ 1, 6, 18, 24, 31, 44 }
{ 13, 16, 25, 28, 32, 47 }
{ 1, 3, 21, 23, 31, 39 }
{ 1, 13, 20, 32, 36, 37 }
{ 8, 35, 39, 41, 43, 47 }
{ 11, 13, 18, 30, 36, 47 }
{ 7, 8, 20, 39, 46, 48 }
{ 0, 11, 20, 28, 34, 48 }
{ 2, 4, 9, 25, 44, 46 }
{ 4, 9, 11, 16, 30, 32 }
{ 3, 13, 18, 33, 36, 48 }
{ 1, 4, 13, 15, 45, 46 }
{ 6, 12, 27, 31, 32, 45 }
{ 5, 7, 22, 36, 42, 47 }
{ 2, 10, 12, 27, 29, 33 }
{ 3, 5, 15, 28, 44, 45 }
{ 2, 7, 12, 17, 18, 22 }
{ 10, 11, 26, 27, 35, 38 }
{ 14, 22, 31, 37, 42, 44 }
{ 13, 19, 20, 27, 30, 31 }
{ 10, 31, 35, 40, 42, 43 }
{ 7, 12, 13, 14, 25, 42 }
{ 6, 16, 19, 34, 42, 43 }
{ 10, 18, 19, 24, 42, 45 }
{ 8, 15, 26, 32, 36, 40 }
{ 0, 8, 29, 32, 37, 42 }
{ 6, 17, 20, 21, 25, 29 }
{ 1, 8, 11, 12, 23, 43 }
{ 3, 12, 15, 20, 37, 46 }
{ 9, 10, 29, 31, 36, 46 }
{ 18, 32, 33, 38, 42, 46 }
{ 6, 10, 22, 23, 25, 38 }
{ 1, 8, 9, 18, 25, 34 }
{ 1, 2, 10, 16, 32, 48 }
{ 7, 12, 17, 30, 33, 40 }
{ 9, 12, 15, 23, 28, 42 }
{ 8, 19, 22, 24, 32, 33 }
{ 7, 28, 37, 38, 40, 41 }
{ 2, 21, 30, 36, 41, 46 }
{ 5, 20, 21, 32, 40, 41 }
{ 23, 27, 30, 41, 42, 46 }
{ 8, 17, 19, 26, 34, 44 }
{ 17, 23, 24, 36, 38, 44 }
{ 5, 8, 22, 25, 27, 31 }
{ 7, 21, 25, 34, 37, 45 }
{ 4, 5, 7, 10, 16, 26 }
{ 0, 7, 14, 19, 31, 32 }
{ 19, 21, 26, 27, 37, 46 }
{ 2, 3, 4, 27, 40, 42 }
{ 0, 25, 35, 40, 45, 46 }
{ 16, 19, 33, 40, 45, 48 }
{ 13, 16, 17, 23, 31, 40 }
{ 0, 5, 14, 30, 39, 47 }
{ 16, 18, 23, 27, 37, 41 }
{ 4, 12, 20, 22, 33, 34 }
{ 11, 22, 24, 29, 40, 47 }
{ 0, 3, 4, 17, 26, 31 }
{ 3, 12, 14, 26, 35, 36 }
{ 0, 7, 15, 27, 29, 33 }
{ 17, 18, 27, 28, 32, 39 }
{ 9, 17, 21, 32, 35, 44 }
{ 0, 1, 4, 10, 22, 40 }
{ 24, 26, 30, 32, 43, 45 }
{ 2, 26, 31, 33, 41, 43 }
{ 6, 7, 11, 32, 43, 46 }
{ 0, 1, 5, 9, 33, 41 }
{ 2, 14, 20, 24, 36, 40 }
{ 2, 9, 11, 19, 21, 28 }
{ 3, 5, 23, 25, 32, 34 }
{ 4, 12, 21, 38, 39, 48 }
{ 6, 15, 19, 23, 35, 36 }
{ 10, 14, 16, 17, 20, 30 }
{ 5, 11, 12, 13, 31, 35 }
{ 25, 26, 36, 39, 43, 44 }
{ 4, 18, 25, 29, 30, 35 }
{ 1, 17, 33, 42, 43, 47 }
{ 6, 21, 26, 28, 33, 37 }
{ 6, 13, 15, 26, 42, 48 }
{ 1, 2, 16, 24, 35, 37 }
{ 9, 13, 27, 34, 39, 40 }
{ 1, 6, 7, 16, 29, 38 }
{ 0, 2, 8, 13, 21, 23 }
{ 8, 9, 20, 23, 35, 47 }
{ 5, 12, 19, 36, 38, 39 }
{ 30, 34, 37, 40, 44, 47 }
{ 0, 11, 16, 21, 36, 42 }
{ 0, 4, 18, 19, 35, 37 }
{ 4, 6, 13, 24, 39, 41 }
{ 2, 17, 22, 35, 39, 45 }
{ 15, 29, 31, 34, 41, 48 }
{ 2, 6, 37, 45, 46, 47 }
{ 5, 13, 17, 19, 29, 46 }
{ 2, 5, 15, 20, 28, 43 }
{ 1, 11, 19, 22, 26, 41 }
{ 9, 27, 36, 43, 45, 48 }
{ 6, 12, 32, 41, 44, 47 }
{ 3, 22, 35, 41, 42, 48 }
{ 0, 10, 12, 24, 46, 47 }
{ 11, 13, 18, 33, 44, 45 }
{ 1, 7, 20, 27, 35, 44 }
{ 4, 14, 23, 32, 33, 48 }
{ 4, 10, 15, 21, 34, 47 }
{ 4, 19, 25, 38, 41, 43 }
{ 4, 5, 23, 24, 27, 28 }
{ 4, 20, 26, 29, 45, 47 }
{ 1, 5, 21, 30, 38, 42 }
{ 24, 28, 30, 31, 34, 46 }
{ 1, 12, 25, 30, 37, 48 }
{ 1, 6, 17, 27, 34, 36 }
{ 10, 25, 28, 30, 33, 36 }
{ 21, 22, 27, 44, 47, 48 }
{ 10, 23, 33, 37, 39, 45 }
{ 1, 14, 29, 36, 41, 45 }
{ 19, 23, 29, 40, 44, 48 }
{ 6, 7, 28, 30, 35, 48 }
{ 14, 21, 24, 33, 34, 35 }
{ 14, 18, 23, 34, 43, 46 }
{ 9, 14, 15, 17, 37, 41 }
{ 2, 19, 25, 31, 47, 48 }
{ 11, 12, 15, 24, 37, 44 }
{ 2, 3, 29, 34, 39, 42 }
{ 8, 12, 16, 21, 41, 45 }
{ 5, 9, 18, 24, 29, 48 }
{ 10, 15, 22, 30, 32, 39 }
{ 9, 20, 24, 25, 26, 42 }
{ 15, 18, 21, 22, 40, 43 }
{ 16, 22, 28, 34, 36, 46 }
{ 0, 15, 17, 24, 25, 41 }
{ 5, 10, 17, 37, 43, 48 }
{ 4, 7, 8, 31, 36, 37 }
{ 3, 8, 16, 29, 30, 43 }
{ 7, 10, 11, 34, 41, 44 }
{ 2, 13, 32, 34, 35, 38 }
{ 11, 14, 17, 38, 46, 48 }
{ 2, 8, 15, 30, 38, 44 }
{ 3, 8, 24, 27, 38, 48 }
{ 3, 7, 9, 17, 45, 47 }
{ 0, 12, 28, 29, 38, 43 }
{ 0, 5, 26, 34, 38, 45 }
{ 3, 10, 18, 20, 38, 41 }
